xof 0303txt 0032

template XSkinMeshHeader {
  <3cf169ce-ff7c-44ab-93c0-f78f62d172e2>
  WORD nMaxSkinWeightsPerVertex;
  WORD nMaxSkinWeightsPerFace;
  WORD nBones;
}

template SkinWeights {
  <6f0d123b-bad2-4167-a0d0-80224f25fabb>
  STRING transformNodeName;
  DWORD nWeights;
  array DWORD vertexIndices[nWeights];
  array float weights[nWeights];
  Matrix4x4 matrixOffset;
}

Frame Root {
  FrameTransformMatrix {
     1.000000, 0.000000, 0.000000, 0.000000,
     0.000000, 0.000000, 1.000000, 0.000000,
     0.000000, 1.000000,-0.000000, 0.000000,
     0.000000, 0.000000, 0.000000, 1.000000;;
  }
  Frame Armature {
    FrameTransformMatrix {
       1.000000, 0.000000, 0.000000, 0.000000,
       0.000000, 1.000000, 0.000000, 0.000000,
       0.000000, 0.000000, 1.000000, 0.000000,
       0.000000, 1.570674, 2.926722, 1.000000;;
    }
    Frame Armature_Hip {
      FrameTransformMatrix {
         0.999989,-0.004674, 0.000952, 0.000000,
        -0.004723,-0.942430, 0.334370, 0.000000,
        -0.000665,-0.334370,-0.942442, 0.000000,
         0.005554, 0.314722,-0.373066, 1.000000;;
      }
      Frame Armature_Spine {
        FrameTransformMatrix {
          -0.999988, 0.004723, 0.000666, 0.000000,
           0.004591, 0.915061, 0.403288, 0.000000,
           0.001296, 0.403287,-0.915073, 0.000000,
          -0.000000, 1.174284, 0.000000, 1.000000;;
        }
        Frame Armature_Ribcage {
          FrameTransformMatrix {
             1.000000, 0.000067,-0.000041, 0.000000,
            -0.000067, 0.999929, 0.011879, 0.000000,
             0.000041,-0.011879, 0.999929, 0.000000,
            -0.000000, 1.310765, 0.000000, 1.000000;;
          }
          Frame Armature_Neck {
            FrameTransformMatrix {
               1.000000,-0.000000, 0.000000, 0.000000,
              -0.000000, 0.678935, 0.734199, 0.000000,
              -0.000000,-0.734199, 0.678935, 0.000000,
               0.000000, 1.330507,-0.000000, 1.000000;;
            }
            Frame Armature_Head {
              FrameTransformMatrix {
                 0.998893,-0.043832,-0.017057, 0.000000,
                 0.012135, 0.590549,-0.806911, 0.000000,
                 0.045441, 0.805811, 0.590427, 0.000000,
                -0.000000, 0.921347, 0.000000, 1.000000;;
              }
            } //End of Armature_Head
          } //End of Armature_Neck
          Frame Armature_Shoulder_L {
            FrameTransformMatrix {
              -1.000000, 0.000000, 0.000000, 0.000000,
               0.000000, 0.590482,-0.807051, 0.000000,
              -0.000000,-0.807051,-0.590482, 0.000000,
              -0.321484, 0.819160, 0.289602, 1.000000;;
            }
            Frame Armature_Arm_upper_L {
              FrameTransformMatrix {
                -0.987643, 0.050551, 0.148341, 0.000000,
                 0.156710, 0.328272, 0.931493, 0.000000,
                -0.001609, 0.943230,-0.332138, 0.000000,
                 0.000000, 0.907272, 0.000000, 1.000000;;
              }
              Frame Armature_Arm_lower_L {
                FrameTransformMatrix {
                   0.993955,-0.086461,-0.067664, 0.000000,
                   0.109787, 0.777858, 0.618775, 0.000000,
                  -0.000867,-0.622464, 0.782648, 0.000000,
                   0.000000, 0.637002, 0.000000, 1.000000;;
                }
                Frame Armature_Hand_L {
                  FrameTransformMatrix {
                     0.983917,-0.040954, 0.173868, 0.000000,
                     0.037404, 0.999020, 0.023643, 0.000000,
                    -0.174666,-0.016759, 0.984485, 0.000000,
                    -0.000000, 1.091351,-0.000000, 1.000000;;
                  }
                  Frame Armature_Frontpaw_upper_L {
                    FrameTransformMatrix {
                       0.933205,-0.206082, 0.294379, 0.000000,
                       0.019965, 0.847679, 0.530133, 0.000000,
                      -0.358790,-0.488845, 0.795173, 0.000000,
                      -0.000000, 0.526543,-0.000000, 1.000000;;
                    }
                    Frame Armature_Frontpaw_L {
                      FrameTransformMatrix {
                         0.936884, 0.055319,-0.345237, 0.000000,
                         0.242560, 0.608322, 0.755718, 0.000000,
                         0.251821,-0.791760, 0.556509, 0.000000,
                        -0.000000, 0.093878,-0.000000, 1.000000;;
                      }
                    } //End of Armature_Frontpaw_L
                  } //End of Armature_Frontpaw_upper_L
                } //End of Armature_Hand_L
              } //End of Armature_Arm_lower_L
            } //End of Armature_Arm_upper_L
          } //End of Armature_Shoulder_L
          Frame Armature_Shoulder_R {
            FrameTransformMatrix {
              -1.000000,-0.000000,-0.000000, 0.000000,
               0.000000, 0.590482,-0.807051, 0.000000,
               0.000000,-0.807051,-0.590482, 0.000000,
               0.321484, 0.819160, 0.289602, 1.000000;;
            }
            Frame Armature_Arm_upper_R {
              FrameTransformMatrix {
                -0.987643,-0.050551,-0.148341, 0.000000,
                -0.156710, 0.328272, 0.931493, 0.000000,
                 0.001609, 0.943229,-0.332138, 0.000000,
                -0.000000, 0.907272, 0.000000, 1.000000;;
              }
              Frame Armature_Arm_lower_R {
                FrameTransformMatrix {
                   0.993957, 0.086471, 0.067623, 0.000000,
                  -0.109770, 0.777887, 0.618742, 0.000000,
                   0.000900,-0.622426, 0.782678, 0.000000,
                   0.000000, 0.637002,-0.000000, 1.000000;;
                }
                Frame Armature_Hand_R {
                  FrameTransformMatrix {
                     0.983625, 0.040637,-0.175583, 0.000000,
                    -0.035178, 0.998799, 0.034096, 0.000000,
                     0.176758,-0.027361, 0.983874, 0.000000,
                     0.000000, 1.091352,-0.000000, 1.000000;;
                  }
                  Frame Armature_Frontpaw_upper_R {
                    FrameTransformMatrix {
                       0.933205, 0.206082,-0.294379, 0.000000,
                      -0.019965, 0.847679, 0.530133, 0.000000,
                       0.358790,-0.488845, 0.795173, 0.000000,
                       0.000000, 0.526543, 0.000000, 1.000000;;
                    }
                    Frame Armature_Frontpaw_R {
                      FrameTransformMatrix {
                         0.936881,-0.055309, 0.345246, 0.000000,
                        -0.242570, 0.608328, 0.755710, 0.000000,
                        -0.251821,-0.791757, 0.556514, 0.000000,
                         0.000000, 0.093878, 0.000000, 1.000000;;
                      }
                    } //End of Armature_Frontpaw_R
                  } //End of Armature_Frontpaw_upper_R
                } //End of Armature_Hand_R
              } //End of Armature_Arm_lower_R
            } //End of Armature_Arm_upper_R
          } //End of Armature_Shoulder_R
        } //End of Armature_Ribcage
      } //End of Armature_Spine
      Frame Armature_Leg_upper_L {
        FrameTransformMatrix {
           0.997810,-0.000320,-0.066148, 0.000000,
           0.066135,-0.015645, 0.997688, 0.000000,
          -0.001354,-0.999878,-0.015590, 0.000000,
           0.318771, 0.584664, 0.102440, 1.000000;;
        }
        Frame Armature_Leg_lower_L {
          FrameTransformMatrix {
            -0.995868,-0.082200,-0.038599, 0.000000,
            -0.062215, 0.307954, 0.949365, 0.000000,
            -0.066151, 0.947844,-0.311796, 0.000000,
            -0.000000, 1.033550, 0.000000, 1.000000;;
          }
          Frame Armature_Foot_L {
            FrameTransformMatrix {
               0.995971, 0.068275, 0.058140, 0.000000,
              -0.081851, 0.427248, 0.900422, 0.000000,
               0.036636,-0.901553, 0.431115, 0.000000,
              -0.000000, 1.313653,-0.000000, 1.000000;;
            }
            Frame Armature_Backpaw_upper_L {
              FrameTransformMatrix {
                 0.994206, 0.071759, 0.080036, 0.000000,
                -0.086990, 0.974492, 0.206878, 0.000000,
                -0.063150,-0.212641, 0.975087, 0.000000,
                -0.000000, 0.649826, 0.000000, 1.000000;;
              }
              Frame Armature_Backpaw_L {
                FrameTransformMatrix {
                   0.993045,-0.115724, 0.021680, 0.000000,
                   0.026910, 0.402357, 0.915087, 0.000000,
                  -0.114621,-0.908139, 0.402673, 0.000000,
                  -0.000000, 0.155416,-0.000000, 1.000000;;
                }
              } //End of Armature_Backpaw_L
            } //End of Armature_Backpaw_upper_L
          } //End of Armature_Foot_L
        } //End of Armature_Leg_lower_L
      } //End of Armature_Leg_upper_L
      Frame Armature_Leg_upper_R {
        FrameTransformMatrix {
           0.997856,-0.009139, 0.064814, 0.000000,
          -0.064946,-0.014972, 0.997777, 0.000000,
          -0.008148,-0.999846,-0.015533, 0.000000,
          -0.324190, 0.587701, 0.102868, 1.000000;;
        }
        Frame Armature_Leg_lower_R {
          FrameTransformMatrix {
            -0.995867, 0.082211, 0.038595, 0.000000,
             0.062218, 0.307985, 0.949355, 0.000000,
             0.066161, 0.947833,-0.311827, 0.000000,
             0.000000, 1.033549, 0.000000, 1.000000;;
          }
          Frame Armature_Foot_R {
            FrameTransformMatrix {
               0.995977,-0.068202,-0.058116, 0.000000,
               0.081795, 0.427194, 0.900453, 0.000000,
              -0.036586,-0.901584, 0.431054, 0.000000,
              -0.000000, 1.313653,-0.000000, 1.000000;;
            }
            Frame Armature_Backpaw_upper_R {
              FrameTransformMatrix {
                 0.994206,-0.071759,-0.080036, 0.000000,
                 0.086990, 0.974492, 0.206877, 0.000000,
                 0.063150,-0.212641, 0.975088, 0.000000,
                 0.000000, 0.649825, 0.000000, 1.000000;;
              }
              Frame Armature_Backpaw_R {
                FrameTransformMatrix {
                   0.993045, 0.115724,-0.021680, 0.000000,
                  -0.026910, 0.402357, 0.915087, 0.000000,
                   0.114621,-0.908139, 0.402672, 0.000000,
                   0.000000, 0.155416,-0.000000, 1.000000;;
                }
              } //End of Armature_Backpaw_R
            } //End of Armature_Backpaw_upper_R
          } //End of Armature_Foot_R
        } //End of Armature_Leg_lower_R
      } //End of Armature_Leg_upper_R
      Frame Armature_Tail_Base {
        FrameTransformMatrix {
           0.998759,-0.017206, 0.046744, 0.000000,
          -0.006552,-0.975671,-0.219141, 0.000000,
           0.049378, 0.218563,-0.974573, 0.000000,
          -0.005103, 0.140928,-0.334279, 1.000000;;
        }
        Frame Armature_Tail1 {
          FrameTransformMatrix {
            -0.997436,-0.047893, 0.053178, 0.000000,
            -0.043955, 0.996370, 0.072903, 0.000000,
            -0.056477, 0.070378,-0.995920, 0.000000,
            -0.000000, 0.451318, 0.000000, 1.000000;;
          }
          Frame Armature_Tail2 {
            FrameTransformMatrix {
               0.999700,-0.022317, 0.010050, 0.000000,
               0.022645, 0.999174,-0.033739, 0.000000,
              -0.009289, 0.033957, 0.999380, 0.000000,
              -0.000000, 0.633124, 0.000000, 1.000000;;
            }
            Frame Armature_Tail3 {
              FrameTransformMatrix {
                 0.995929, 0.021516,-0.087541, 0.000000,
                -0.020762, 0.999739, 0.009519, 0.000000,
                 0.087723,-0.007663, 0.996115, 0.000000,
                 0.000000, 0.709604,-0.000000, 1.000000;;
              }
              Frame Armature_Tail4 {
                FrameTransformMatrix {
                   0.995841,-0.001246,-0.091097, 0.000000,
                   0.003582, 0.999669, 0.025488, 0.000000,
                   0.091035,-0.025709, 0.995516, 0.000000,
                   0.000000, 0.644809, 0.000000, 1.000000;;
                }
                Frame Armature_Tail_Tip {
                  FrameTransformMatrix {
                     0.984253, 0.012818,-0.176298, 0.000000,
                    -0.011000, 0.999876, 0.011290, 0.000000,
                     0.176421,-0.009173, 0.984272, 0.000000,
                     0.000000, 0.419911, 0.000000, 1.000000;;
                  }
                } //End of Armature_Tail_Tip
              } //End of Armature_Tail4
            } //End of Armature_Tail3
          } //End of Armature_Tail2
        } //End of Armature_Tail1
      } //End of Armature_Tail_Base
    } //End of Armature_Hip
  } //End of Armature
  Frame Cat {
    FrameTransformMatrix {
      -0.772034, 0.000000, 0.000000, 0.000000,
      -0.000000,-2.020524, 0.000000, 0.000000,
       0.000000, 0.000000, 0.772034, 0.000000,
       0.000000, 0.000000, 0.000000, 1.000000;;
    }
    Mesh { //Cube_001 Mesh
      3808;
      -0.713242;-0.816878; 0.326221;,
      -0.529226;-0.802006; 0.374080;,
      -0.522429;-0.836027; 0.355992;,
      -0.668793;-0.847156; 0.316109;,
      -0.734029;-0.754548; 0.301995;,
      -0.552834;-0.727343; 0.327796;,
      -0.529226;-0.802006; 0.374080;,
      -0.713242;-0.816878; 0.326221;,
      -0.529226;-0.802006; 0.374080;,
      -0.341526;-0.802911; 0.326221;,
      -0.362738;-0.831937; 0.316109;,
      -0.522429;-0.836027; 0.355992;,
      -0.552834;-0.727343; 0.327796;,
      -0.374678;-0.740165; 0.301995;,
      -0.341526;-0.802911; 0.326221;,
      -0.529226;-0.802006; 0.374080;,
      -0.341526;-0.802911; 0.326221;,
      -0.303525;-0.805155; 0.144940;,
      -0.333805;-0.867365; 0.168553;,
      -0.362738;-0.831937; 0.316109;,
      -0.303525;-0.805155; 0.144940;,
      -0.300109;-0.804215; 0.003100;,
      -0.329249;-0.887790; 0.000001;,
      -0.333805;-0.867365; 0.168553;,
      -0.737400;-0.818963; 0.009299;,
      -0.746437;-0.822086; 0.151138;,
      -0.704966;-0.873345; 0.146430;,
      -0.672073;-0.903281; 0.000001;,
      -0.746437;-0.822086; 0.151138;,
      -0.713242;-0.816878; 0.326221;,
      -0.668793;-0.847156; 0.316109;,
      -0.704966;-0.873345; 0.146430;,
      -0.747443;-0.761861; 0.004650;,
      -0.750862;-0.740460; 0.138348;,
      -0.746437;-0.822086; 0.151138;,
      -0.737400;-0.818963; 0.009299;,
      -0.750862;-0.740460; 0.138348;,
      -0.734029;-0.754548; 0.301995;,
      -0.713242;-0.816878; 0.326221;,
      -0.746437;-0.822086; 0.151138;,
      -0.374678;-0.740165; 0.301995;,
      -0.370660;-0.725883; 0.138348;,
      -0.303525;-0.805155; 0.144940;,
      -0.341526;-0.802911; 0.326221;,
      -0.370660;-0.725883; 0.138348;,
      -0.349456;-0.745502; 0.000001;,
      -0.300109;-0.804215; 0.003100;,
      -0.303525;-0.805155; 0.144940;,
      -0.556624;-0.718589; 0.000001;,
      -0.561295;-0.703796; 0.138347;,
      -0.750862;-0.740460; 0.138348;,
      -0.747443;-0.761861; 0.004650;,
      -0.561295;-0.703796; 0.138347;,
      -0.552834;-0.727343; 0.327796;,
      -0.734029;-0.754548; 0.301995;,
      -0.750862;-0.740460; 0.138348;,
      -0.349456;-0.745502; 0.000001;,
      -0.370660;-0.725883; 0.138348;,
      -0.561295;-0.703796; 0.138347;,
      -0.556624;-0.718589; 0.000001;,
      -0.370660;-0.725883; 0.138348;,
      -0.374678;-0.740165; 0.301995;,
      -0.552834;-0.727343; 0.327796;,
      -0.561295;-0.703796; 0.138347;,
      -0.438285; 0.963362; 0.140974;,
      -0.450248; 0.938290; 0.339987;,
      -0.695434; 0.935656; 0.339987;,
      -0.705074; 0.957035; 0.140974;,
      -0.436745; 0.928664;-0.007262;,
      -0.438285; 0.963362; 0.140974;,
      -0.705074; 0.957035; 0.140974;,
      -0.690989; 0.926086;-0.007262;,
      -0.358794; 0.916462; 0.140975;,
      -0.367395; 0.892839; 0.314187;,
      -0.450248; 0.938290; 0.339987;,
      -0.438285; 0.963362; 0.140974;,
      -0.354027; 0.881003;-0.007262;,
      -0.358794; 0.916462; 0.140975;,
      -0.438285; 0.963362; 0.140974;,
      -0.436745; 0.928664;-0.007262;,
      -0.705074; 0.957035; 0.140974;,
      -0.695434; 0.935656; 0.339987;,
      -0.789860; 0.892638; 0.314187;,
      -0.790977; 0.912507; 0.140975;,
      -0.690989; 0.926086;-0.007262;,
      -0.705074; 0.957035; 0.140974;,
      -0.790977; 0.912507; 0.140975;,
      -0.777959; 0.882985;-0.007262;,
      -0.358794; 0.916462; 0.140975;,
      -0.354027; 0.881003;-0.007262;,
      -0.338994; 0.834835;-0.007262;,
      -0.334309; 0.838202; 0.141840;,
      -0.367395; 0.892839; 0.314187;,
      -0.358794; 0.916462; 0.140975;,
      -0.334309; 0.838202; 0.141840;,
      -0.367041; 0.839434; 0.326221;,
      -0.790977; 0.912507; 0.140975;,
      -0.789860; 0.892638; 0.314187;,
      -0.771573; 0.838931; 0.326221;,
      -0.785905; 0.841835; 0.141840;,
      -0.777959; 0.882985;-0.007262;,
      -0.790977; 0.912507; 0.140975;,
      -0.785905; 0.841835; 0.141840;,
      -0.778093; 0.845786;-0.007262;,
      -0.785905; 0.841835; 0.141840;,
      -0.771573; 0.838931; 0.326221;,
      -0.761197; 0.817668; 0.310956;,
      -0.776189; 0.791186; 0.145664;,
      -0.778093; 0.845786;-0.007262;,
      -0.785905; 0.841835; 0.141840;,
      -0.776189; 0.791186; 0.145664;,
      -0.757005; 0.735372;-0.007262;,
      -0.334309; 0.838202; 0.141840;,
      -0.338994; 0.834835;-0.007262;,
      -0.355114; 0.737919;-0.007262;,
      -0.369097; 0.781054; 0.169469;,
      -0.367041; 0.839434; 0.326221;,
      -0.334309; 0.838202; 0.141840;,
      -0.369097; 0.781054; 0.169469;,
      -0.384622; 0.822627; 0.310955;,
      -0.450248; 0.938290; 0.339987;,
      -0.367395; 0.892839; 0.314187;,
      -0.367041; 0.839434; 0.326221;,
      -0.476387; 0.848717; 0.374080;,
      -0.695434; 0.935656; 0.339987;,
      -0.450248; 0.938290; 0.339987;,
      -0.476387; 0.848717; 0.374080;,
      -0.684101; 0.848871; 0.374080;,
      -0.476387; 0.848717; 0.374080;,
      -0.367041; 0.839434; 0.326221;,
      -0.384622; 0.822627; 0.310955;,
      -0.484085; 0.825181; 0.355915;,
      -0.684101; 0.848871; 0.374080;,
      -0.476387; 0.848717; 0.374080;,
      -0.484085; 0.825181; 0.355915;,
      -0.676324; 0.824610; 0.355915;,
      -0.789860; 0.892638; 0.314187;,
      -0.695434; 0.935656; 0.339987;,
      -0.684101; 0.848871; 0.374080;,
      -0.771573; 0.838931; 0.326221;,
      -0.771573; 0.838931; 0.326221;,
      -0.684101; 0.848871; 0.374080;,
      -0.676324; 0.824610; 0.355915;,
      -0.761197; 0.817668; 0.310956;,
       0.000000;-1.471169; 3.437982;,
       0.000000;-1.654624; 3.463944;,
       0.107202;-1.654624; 3.521276;,
       0.107766;-1.471169; 3.501576;,
       0.138383;-1.472104; 3.841923;,
       0.137157;-1.654624; 3.838755;,
       0.000000;-1.654624; 3.892719;,
       0.000000;-1.472104; 3.908209;,
       0.200265;-1.799617; 3.690488;,
       0.189730;-2.009629; 3.691118;,
       0.128565;-2.009629; 3.827384;,
       0.134330;-1.799617; 3.834477;,
       0.000000;-1.799617; 3.476432;,
       0.000000;-2.009629; 3.495953;,
       0.102818;-2.009629; 3.549522;,
       0.103261;-1.799617; 3.534944;,
       0.103261;-1.799617; 3.534944;,
       0.102818;-2.009629; 3.549522;,
       0.189730;-2.009629; 3.691118;,
       0.200265;-1.799617; 3.690488;,
       0.134330;-1.799617; 3.834477;,
       0.128565;-2.009629; 3.827384;,
       0.000000;-2.009629; 3.873469;,
       0.000000;-1.799617; 3.885328;,
       0.206615;-1.472104; 3.690470;,
       0.203843;-1.654624; 3.690392;,
       0.137157;-1.654624; 3.838755;,
       0.138383;-1.472104; 3.841923;,
       0.107766;-1.471169; 3.501576;,
       0.107202;-1.654624; 3.521276;,
       0.203843;-1.654624; 3.690392;,
       0.206615;-1.472104; 3.690470;,
       0.124658;-1.153597; 3.466342;,
       0.107185;-1.318363; 3.482821;,
       0.201453;-1.318363; 3.689389;,
       0.218991;-1.153597; 3.690769;,
       0.218991;-1.153597; 3.690769;,
       0.201453;-1.318363; 3.689389;,
       0.145912;-1.318363; 3.859372;,
       0.158572;-1.153597; 3.885707;,
       0.000000;-1.153597; 3.404373;,
       0.000000;-1.318363; 3.420528;,
       0.107185;-1.318363; 3.482821;,
       0.124658;-1.153597; 3.466342;,
       0.158572;-1.153597; 3.885707;,
       0.145912;-1.318363; 3.859372;,
       0.000000;-1.318363; 3.930048;,
       0.000000;-1.153597; 3.963739;,
       0.100653;-2.438394; 3.793861;,
       0.000000;-2.438394; 3.829257;,
       0.000000;-2.321082; 3.851004;,
       0.115091;-2.321082; 3.809722;,
       0.115091;-2.321082; 3.809722;,
       0.000000;-2.321082; 3.851004;,
       0.000000;-2.157311; 3.861722;,
       0.122609;-2.157311; 3.819106;,
       0.000000;-2.438394; 3.566999;,
       0.084883;-2.438394; 3.594715;,
       0.093993;-2.321082; 3.576889;,
       0.000000;-2.321082; 3.536458;,
       0.000000;-2.321082; 3.536458;,
       0.093993;-2.321082; 3.576889;,
       0.099458;-2.157311; 3.565437;,
       0.000000;-2.157311; 3.513811;,
       0.135880;-2.438394; 3.689754;,
       0.100653;-2.438394; 3.793861;,
       0.115091;-2.321082; 3.809722;,
       0.161142;-2.321082; 3.692054;,
       0.161142;-2.321082; 3.692054;,
       0.115091;-2.321082; 3.809722;,
       0.122609;-2.157311; 3.819106;,
       0.175139;-2.157311; 3.691392;,
       0.084883;-2.438394; 3.594715;,
       0.135880;-2.438394; 3.689754;,
       0.161142;-2.321082; 3.692054;,
       0.093993;-2.321082; 3.576889;,
       0.093993;-2.321082; 3.576889;,
       0.161142;-2.321082; 3.692054;,
       0.175139;-2.157311; 3.691392;,
       0.099458;-2.157311; 3.565437;,
       0.571584; 0.832540;-0.007262;,
       0.354027; 0.881003;-0.007262;,
       0.338994; 0.834835;-0.007262;,
       0.355114; 0.737919;-0.007262;,
       0.436745; 0.928664;-0.007262;,
       0.354027; 0.881003;-0.007262;,
       0.571584; 0.832540;-0.007262;,
       0.690989; 0.926086;-0.007262;,
       0.777959; 0.882985;-0.007262;,
       0.690989; 0.926086;-0.007262;,
       0.571584; 0.832540;-0.007262;,
       0.778094; 0.845786;-0.007262;,
       0.757005; 0.735372;-0.007262;,
       0.778094; 0.845786;-0.007262;,
       0.571584; 0.832540;-0.007262;,
       0.678678; 0.735990;-0.007262;,
       0.571584; 0.832540;-0.007262;,
       0.355114; 0.737919;-0.007262;,
       0.465586; 0.735256;-0.007262;,
       0.678678; 0.735990;-0.007262;,
       0.500162;-0.278613; 2.308158;,
       0.671195;-0.276931; 3.000009;,
       0.454516;-0.243381; 2.309737;,
       0.500162;-0.278613; 2.308158;,
       0.511616;-0.305199; 2.203546;,
       0.613204;-0.318679; 2.891939;,
       0.671195;-0.276931; 3.000009;,
       0.672073;-0.903281; 0.000001;,
       0.737400;-0.818963; 0.009299;,
       0.522732;-0.825041; 0.000001;,
       0.585697;-0.913645; 0.000001;,
       0.522732;-0.825041; 0.000001;,
       0.737400;-0.818963; 0.009299;,
       0.747443;-0.761861; 0.004650;,
       0.556624;-0.718589; 0.000001;,
       0.349456;-0.745502; 0.000001;,
       0.300109;-0.804215; 0.003100;,
       0.522732;-0.825041; 0.000001;,
       0.556624;-0.718589; 0.000001;,
       0.329249;-0.887791; 0.000001;,
       0.411805;-0.907938; 0.000001;,
       0.522732;-0.825041; 0.000001;,
       0.300109;-0.804215; 0.003100;,
       0.585697;-0.913645; 0.000001;,
       0.522732;-0.825041; 0.000001;,
       0.411805;-0.907938; 0.000001;,
       0.458010;-0.974675; 0.118463;,
       0.585697;-0.913645; 0.000001;,
       0.411805;-0.907938; 0.000001;,
       0.678678; 0.735990;-0.007262;,
       0.465586; 0.735256;-0.007262;,
       0.528948; 0.669288; 0.274539;,
      -0.161818; 1.735196; 3.852009;,
      -0.158986; 1.730336; 3.924965;,
      -0.226248; 1.705296; 3.941778;,
      -0.224764; 1.697668; 3.875840;,
      -0.425373; 1.655092; 3.970630;,
      -0.457058; 1.636077; 3.906692;,
      -0.224764; 1.697668; 3.875840;,
      -0.226248; 1.705296; 3.941778;,
      -0.158986; 1.730336; 3.924965;,
      -0.161818; 1.735196; 3.852009;,
      -0.070673; 1.753629; 3.847482;,
      -0.060279; 1.749782; 3.919113;,
      -0.161818; 1.735196; 3.852009;,
      -0.224764; 1.697668; 3.875840;,
      -0.184715; 1.683373; 3.791594;,
      -0.147899; 1.715418; 3.786685;,
      -0.457058; 1.636077; 3.906692;,
      -0.463184; 1.603468; 3.857875;,
      -0.184715; 1.683373; 3.791594;,
      -0.224764; 1.697668; 3.875840;,
      -0.070673; 1.753629; 3.847482;,
      -0.077234; 1.729737; 3.782329;,
       0.001755; 1.735329; 3.781035;,
       0.000202; 1.756803; 3.847420;,
      -0.077234; 1.729737; 3.782329;,
      -0.070673; 1.753629; 3.847482;,
      -0.161818; 1.735196; 3.852009;,
      -0.147899; 1.715418; 3.786685;,
      -0.258642; 1.542046; 4.937344;,
      -0.213999; 1.516950; 4.985145;,
      -0.262094; 1.540671; 5.111069;,
      -0.293464; 1.556044; 5.079675;,
      -0.293464; 1.556044; 5.079675;,
      -0.262094; 1.540671; 5.111069;,
      -0.372141; 1.566619; 5.269276;,
      -0.380176; 1.568037; 5.269028;,
      -0.609245; 1.422842; 4.696095;,
      -0.635014; 1.413140; 4.779294;,
      -0.687244; 1.412523; 4.651989;,
      -0.668404; 1.422243; 4.572939;,
      -0.687244; 1.412523; 4.651989;,
      -0.763564; 1.422626; 4.530874;,
      -0.722495; 1.437068; 4.482029;,
      -0.668404; 1.422243; 4.572939;,
      -0.722495; 1.437068; 4.482029;,
      -0.763564; 1.422626; 4.530874;,
      -0.734669; 1.383797; 4.523352;,
      -0.727438; 1.384053; 4.480261;,
      -0.722495; 1.437068; 4.482029;,
      -0.727438; 1.384053; 4.480261;,
      -0.717680; 1.383215; 4.450500;,
      -0.730511; 1.447510; 4.426480;,
      -0.668404; 1.422243; 4.572939;,
      -0.722495; 1.437068; 4.482029;,
      -0.730511; 1.447510; 4.426480;,
      -0.703180; 1.479654; 4.435674;,
      -0.512856; 1.486980; 3.841963;,
      -0.530063; 1.419901; 3.852680;,
      -0.216800; 1.438891; 3.713378;,
      -0.210328; 1.500934; 3.712689;,
      -0.463184; 1.603468; 3.857875;,
      -0.512856; 1.486980; 3.841963;,
      -0.210328; 1.500934; 3.712689;,
      -0.160250; 1.611271; 3.743476;,
      -0.624596; 1.483436; 3.979257;,
      -0.648778; 1.416253; 4.010771;,
      -0.530063; 1.419901; 3.852680;,
      -0.512856; 1.486980; 3.841963;,
      -0.580510; 1.551805; 3.982536;,
      -0.624596; 1.483436; 3.979257;,
      -0.512856; 1.486980; 3.841963;,
      -0.463184; 1.603468; 3.857875;,
      -0.624596; 1.483436; 3.979257;,
      -0.580510; 1.551805; 3.982536;,
      -0.619725; 1.573259; 4.131405;,
      -0.705491; 1.479598; 4.167186;,
      -0.648778; 1.416253; 4.010771;,
      -0.624596; 1.483436; 3.979257;,
      -0.705491; 1.479598; 4.167186;,
      -0.727015; 1.408876; 4.203153;,
      -0.705491; 1.479598; 4.167186;,
      -0.619725; 1.573259; 4.131405;,
      -0.703180; 1.479654; 4.435674;,
      -0.730511; 1.447510; 4.426480;,
      -0.727015; 1.408876; 4.203153;,
      -0.705491; 1.479598; 4.167186;,
      -0.730511; 1.447510; 4.426480;,
      -0.717680; 1.383215; 4.450500;,
      -0.648734; 1.325033; 4.783432;,
      -0.780650; 1.398972; 4.804582;,
      -0.780995; 1.424424; 4.965863;,
      -0.583817; 1.335731; 4.949401;,
      -0.474102; 1.258889; 4.796040;,
      -0.648734; 1.325033; 4.783432;,
      -0.583817; 1.335731; 4.949401;,
      -0.329214; 1.259106; 4.953660;,
      -0.583817; 1.335731; 4.949401;,
      -0.780995; 1.424424; 4.965863;,
      -0.718302; 1.452207; 5.222527;,
      -0.499662; 1.364613; 5.135747;,
      -0.329214; 1.259106; 4.953660;,
      -0.583817; 1.335731; 4.949401;,
      -0.499662; 1.364613; 5.135747;,
      -0.220444; 1.299738; 5.021441;,
      -0.734669; 1.383797; 4.523352;,
      -0.763564; 1.422626; 4.530874;,
      -0.770558; 1.392368; 4.662486;,
      -0.690642; 1.334428; 4.629822;,
      -0.727438; 1.384053; 4.480261;,
      -0.734669; 1.383797; 4.523352;,
      -0.690642; 1.334428; 4.629822;,
      -0.643286; 1.288308; 4.550476;,
      -0.690642; 1.334428; 4.629822;,
      -0.770558; 1.392368; 4.662486;,
      -0.780650; 1.398972; 4.804582;,
      -0.648734; 1.325033; 4.783432;,
      -0.643286; 1.288308; 4.550476;,
      -0.690642; 1.334428; 4.629822;,
      -0.648734; 1.325033; 4.783432;,
      -0.474102; 1.258889; 4.796040;,
      -0.292074; 1.490250; 5.212686;,
      -0.539476; 1.553466; 5.434665;,
      -0.372141; 1.566619; 5.269276;,
      -0.262094; 1.540671; 5.111069;,
      -0.176390; 1.463703; 5.044604;,
      -0.292074; 1.490250; 5.212686;,
      -0.262094; 1.540671; 5.111069;,
      -0.213999; 1.516950; 4.985145;,
      -0.379596; 1.437651; 5.248288;,
      -0.609669; 1.535056; 5.441301;,
      -0.539476; 1.553466; 5.434665;,
      -0.292074; 1.490250; 5.212686;,
      -0.161019; 1.355910; 5.043798;,
      -0.379596; 1.437651; 5.248288;,
      -0.292074; 1.490250; 5.212686;,
      -0.176390; 1.463703; 5.044604;,
      -0.499662; 1.364613; 5.135747;,
      -0.718302; 1.452207; 5.222527;,
      -0.609669; 1.535056; 5.441301;,
      -0.379596; 1.437651; 5.248288;,
      -0.220444; 1.299738; 5.021441;,
      -0.499662; 1.364613; 5.135747;,
      -0.379596; 1.437651; 5.248288;,
      -0.161019; 1.355910; 5.043798;,
      -0.213999; 1.516950; 4.985145;,
      -0.258642; 1.542046; 4.937344;,
      -0.245177; 1.551830; 4.905359;,
      -0.170043; 1.517014; 4.945557;,
      -0.176390; 1.463703; 5.044604;,
      -0.213999; 1.516950; 4.985145;,
      -0.170043; 1.517014; 4.945557;,
      -0.144477; 1.464296; 4.979347;,
      -0.293464; 1.556044; 5.079675;,
      -0.418325; 1.461133; 5.059700;,
      -0.369682; 1.474950; 4.916934;,
      -0.258642; 1.542046; 4.937344;,
      -0.499782; 1.485915; 5.256011;,
      -0.418325; 1.461133; 5.059700;,
      -0.293464; 1.556044; 5.079675;,
      -0.380176; 1.568037; 5.269028;,
      -0.780650; 1.398972; 4.804582;,
      -0.788985; 1.411549; 4.785262;,
      -0.776011; 1.425908; 4.958630;,
      -0.780995; 1.424424; 4.965863;,
      -0.531707; 1.426362; 4.974632;,
      -0.616076; 1.441166; 5.115509;,
      -0.696663; 1.415030; 4.857310;,
      -0.635014; 1.413140; 4.779294;,
      -0.486826; 1.440999; 4.819324;,
      -0.531707; 1.426362; 4.974632;,
      -0.635014; 1.413140; 4.779294;,
      -0.609245; 1.422842; 4.696095;,
      -0.780995; 1.424424; 4.965863;,
      -0.776011; 1.425908; 4.958630;,
      -0.716391; 1.457635; 5.210587;,
      -0.718302; 1.452207; 5.222527;,
      -0.418325; 1.461133; 5.059700;,
      -0.499782; 1.485915; 5.256011;,
      -0.616076; 1.441166; 5.115509;,
      -0.531707; 1.426362; 4.974632;,
      -0.369682; 1.474950; 4.916934;,
      -0.418325; 1.461133; 5.059700;,
      -0.531707; 1.426362; 4.974632;,
      -0.486826; 1.440999; 4.819324;,
      -0.687244; 1.412523; 4.651989;,
      -0.730648; 1.411278; 4.701712;,
      -0.772893; 1.419128; 4.596305;,
      -0.763564; 1.422626; 4.530874;,
      -0.763564; 1.422626; 4.530874;,
      -0.772893; 1.419128; 4.596305;,
      -0.777216; 1.414162; 4.675521;,
      -0.770558; 1.392368; 4.662486;,
      -0.635014; 1.413140; 4.779294;,
      -0.696663; 1.415030; 4.857310;,
      -0.730648; 1.411278; 4.701712;,
      -0.687244; 1.412523; 4.651989;,
      -0.770558; 1.392368; 4.662486;,
      -0.777216; 1.414162; 4.675521;,
      -0.788985; 1.411549; 4.785262;,
      -0.780650; 1.398972; 4.804582;,
      -0.539476; 1.553466; 5.434665;,
      -0.541985; 1.553823; 5.428786;,
      -0.380176; 1.568037; 5.269028;,
      -0.372141; 1.566619; 5.269276;,
      -0.609669; 1.535056; 5.441301;,
      -0.609210; 1.535711; 5.433714;,
      -0.541985; 1.553823; 5.428786;,
      -0.539476; 1.553466; 5.434665;,
      -0.718302; 1.452207; 5.222527;,
      -0.716391; 1.457635; 5.210587;,
      -0.609210; 1.535711; 5.433714;,
      -0.609669; 1.535056; 5.441301;,
      -0.178626; 1.687712; 4.604975;,
      -0.228573; 1.676812; 4.527972;,
      -0.203281; 1.678829; 4.471622;,
      -0.138654; 1.691629; 4.499723;,
      -0.296547; 1.661327; 4.634310;,
      -0.288249; 1.668682; 4.549670;,
      -0.228573; 1.676812; 4.527972;,
      -0.178626; 1.687712; 4.604975;,
      -0.138654; 1.691629; 4.499723;,
      -0.203281; 1.678829; 4.471622;,
      -0.200701; 1.679932; 4.400793;,
      -0.142014; 1.692405; 4.380925;,
      -0.142014; 1.692405; 4.380925;,
      -0.200701; 1.679932; 4.400793;,
      -0.237677; 1.680529; 4.360919;,
      -0.199662; 1.681620; 4.319997;,
      -0.477366; 1.621343; 4.437916;,
      -0.378014; 1.648158; 4.433235;,
      -0.374199; 1.649428; 4.489402;,
      -0.460198; 1.626570; 4.545240;,
      -0.450539; 1.643262; 4.350529;,
      -0.365927; 1.654584; 4.381933;,
      -0.378014; 1.648158; 4.433235;,
      -0.477366; 1.621343; 4.437916;,
      -0.382892; 1.642176; 4.598346;,
      -0.341705; 1.660347; 4.531764;,
      -0.288249; 1.668682; 4.549670;,
      -0.296547; 1.661327; 4.634310;,
      -0.460198; 1.626570; 4.545240;,
      -0.374199; 1.649428; 4.489402;,
      -0.341705; 1.660347; 4.531764;,
      -0.382892; 1.642176; 4.598346;,
      -0.340719; 1.667135; 4.309443;,
      -0.310049; 1.669466; 4.346401;,
      -0.365927; 1.654584; 4.381933;,
      -0.450539; 1.643262; 4.350529;,
      -0.199662; 1.681620; 4.319997;,
      -0.237677; 1.680529; 4.360919;,
      -0.310049; 1.669466; 4.346401;,
      -0.340719; 1.667135; 4.309443;,
      -0.580510; 1.551805; 3.982536;,
      -0.457058; 1.636077; 3.906692;,
      -0.425373; 1.655092; 3.970630;,
      -0.459456; 1.658624; 4.012016;,
      -0.158986; 1.730336; 3.924965;,
      -0.194048; 1.762340; 3.945434;,
      -0.273618; 1.715753; 3.963733;,
      -0.226248; 1.705296; 3.941778;,
      -0.459456; 1.658624; 4.012016;,
      -0.425373; 1.655092; 3.970630;,
      -0.226248; 1.705296; 3.941778;,
      -0.273618; 1.715753; 3.963733;,
      -0.194048; 1.762340; 3.945434;,
      -0.158986; 1.730336; 3.924965;,
      -0.060279; 1.749782; 3.919113;,
      -0.069402; 1.784554; 3.943700;,
      -0.776011; 1.425908; 4.958630;,
      -0.788985; 1.411549; 4.785262;,
      -0.730648; 1.411278; 4.701712;,
      -0.696663; 1.415030; 4.857310;,
      -0.776011; 1.425908; 4.958630;,
      -0.696663; 1.415030; 4.857310;,
      -0.616076; 1.441166; 5.115509;,
      -0.716391; 1.457635; 5.210587;,
      -0.616076; 1.441166; 5.115509;,
      -0.499782; 1.485915; 5.256011;,
      -0.609210; 1.535711; 5.433714;,
      -0.716391; 1.457635; 5.210587;,
      -0.380176; 1.568037; 5.269028;,
      -0.541985; 1.553823; 5.428786;,
      -0.609210; 1.535711; 5.433714;,
      -0.499782; 1.485915; 5.256011;,
      -0.777216; 1.414162; 4.675521;,
      -0.772893; 1.419128; 4.596305;,
      -0.730648; 1.411278; 4.701712;,
      -0.788985; 1.411549; 4.785262;,
      -0.220444; 1.299738; 5.021441;,
      -0.161019; 1.355910; 5.043798;,
      -0.097378; 1.362641; 4.990842;,
      -0.144881; 1.278923; 4.966113;,
      -0.258642; 1.542046; 4.937344;,
      -0.369682; 1.474950; 4.916934;,
      -0.401382; 1.516750; 4.850609;,
      -0.245177; 1.551830; 4.905359;,
      -0.161019; 1.355910; 5.043798;,
      -0.176390; 1.463703; 5.044604;,
      -0.144477; 1.464296; 4.979347;,
      -0.097378; 1.362641; 4.990842;,
      -0.643286; 1.288308; 4.550476;,
      -0.474102; 1.258889; 4.796040;,
      -0.491685; 1.238135; 4.731704;,
      -0.613127; 1.265021; 4.503397;,
      -0.609245; 1.422842; 4.696095;,
      -0.668404; 1.422243; 4.572939;,
      -0.703180; 1.479654; 4.435674;,
      -0.608505; 1.473220; 4.645114;,
      -0.727438; 1.384053; 4.480261;,
      -0.643286; 1.288308; 4.550476;,
      -0.613127; 1.265021; 4.503397;,
      -0.717680; 1.383215; 4.450500;,
      -0.369682; 1.474950; 4.916934;,
      -0.486826; 1.440999; 4.819324;,
      -0.517735; 1.496113; 4.769380;,
      -0.401382; 1.516750; 4.850609;,
      -0.329214; 1.259106; 4.953660;,
      -0.220444; 1.299738; 5.021441;,
      -0.144881; 1.278923; 4.966113;,
      -0.334474; 1.248996; 4.872890;,
      -0.486826; 1.440999; 4.819324;,
      -0.609245; 1.422842; 4.696095;,
      -0.608505; 1.473220; 4.645114;,
      -0.517735; 1.496113; 4.769380;,
      -0.474102; 1.258889; 4.796040;,
      -0.329214; 1.259106; 4.953660;,
      -0.334474; 1.248996; 4.872890;,
      -0.491685; 1.238135; 4.731704;,
      -0.615182; 1.574145; 4.433107;,
      -0.551749; 1.608829; 4.458054;,
      -0.508172; 1.613640; 4.564914;,
      -0.568672; 1.556108; 4.603034;,
      -0.703180; 1.479654; 4.435674;,
      -0.615182; 1.574145; 4.433107;,
      -0.568672; 1.556108; 4.603034;,
      -0.608505; 1.473220; 4.645114;,
      -0.563098; 1.614167; 4.212730;,
      -0.491327; 1.647059; 4.313013;,
      -0.551749; 1.608829; 4.458054;,
      -0.615182; 1.574145; 4.433107;,
      -0.619725; 1.573259; 4.131405;,
      -0.563098; 1.614167; 4.212730;,
      -0.615182; 1.574145; 4.433107;,
      -0.703180; 1.479654; 4.435674;,
      -0.130363; 1.798265; 4.192424;,
      -0.247958; 1.754199; 4.222829;,
      -0.297637; 1.751233; 4.142957;,
      -0.106776; 1.797291; 4.180744;,
      -0.116905; 1.805097; 4.227643;,
      -0.147082; 1.765674; 4.244881;,
      -0.247958; 1.754199; 4.222829;,
      -0.130363; 1.798265; 4.192424;,
      -0.273618; 1.715753; 3.963733;,
      -0.194048; 1.762340; 3.945434;,
      -0.192666; 1.791360; 4.018959;,
      -0.321562; 1.740811; 4.040275;,
      -0.321562; 1.740811; 4.040275;,
      -0.192666; 1.791360; 4.018959;,
      -0.106776; 1.797291; 4.180744;,
      -0.297637; 1.751233; 4.142957;,
      -0.086945; 1.691532; 3.735507;,
      -0.077234; 1.729737; 3.782329;,
      -0.147899; 1.715418; 3.786685;,
      -0.184715; 1.683373; 3.791594;,
       0.001705; 1.690364; 3.726786;,
       0.001755; 1.735329; 3.781035;,
      -0.077234; 1.729737; 3.782329;,
      -0.086945; 1.691532; 3.735507;,
      -0.147082; 1.765674; 4.244881;,
      -0.116905; 1.805097; 4.227643;,
      -0.101867; 1.813849; 4.224403;,
      -0.096519; 1.774258; 4.289517;,
      -0.441094; 1.681527; 4.178424;,
      -0.367679; 1.686896; 4.275831;,
      -0.491327; 1.647059; 4.313013;,
      -0.563098; 1.614167; 4.212730;,
      -0.247958; 1.754199; 4.222829;,
      -0.147082; 1.765674; 4.244881;,
      -0.172414; 1.709065; 4.299117;,
      -0.367679; 1.686896; 4.275831;,
      -0.297637; 1.751233; 4.142957;,
      -0.247958; 1.754199; 4.222829;,
      -0.367679; 1.686896; 4.275831;,
      -0.441094; 1.681527; 4.178424;,
      -0.130363; 1.798265; 4.192424;,
      -0.106776; 1.797291; 4.180744;,
      -0.093084; 1.808752; 4.148086;,
      -0.100047; 1.812842; 4.194410;,
      -0.116905; 1.805097; 4.227643;,
      -0.130363; 1.798265; 4.192424;,
      -0.100047; 1.812842; 4.194410;,
      -0.101867; 1.813849; 4.224403;,
      -0.340719; 1.667135; 4.309443;,
      -0.450539; 1.643262; 4.350529;,
      -0.491327; 1.647059; 4.313013;,
      -0.367679; 1.686896; 4.275831;,
      -0.199662; 1.681620; 4.319997;,
      -0.340719; 1.667135; 4.309443;,
      -0.367679; 1.686896; 4.275831;,
      -0.172414; 1.709065; 4.299117;,
      -0.382892; 1.642176; 4.598346;,
      -0.296547; 1.661327; 4.634310;,
      -0.308778; 1.656884; 4.681382;,
      -0.415501; 1.634813; 4.632455;,
      -0.460198; 1.626570; 4.545240;,
      -0.382892; 1.642176; 4.598346;,
      -0.415501; 1.634813; 4.632455;,
